LAMMPS Description

     102  atoms
     115  bonds
     209  angles
     335  dihedrals
     42  impropers

Coords

1 -3.881544 3.656284 19.593791
2 -2.717636 2.899667 19.524949
3 -2.824183 1.519657 19.588869
4 -4.035522 0.878256 19.719051
5 -5.204654 1.63573 19.783261
6 -5.116972 3.024256 19.72127
7 -3.766968 -0.619672 19.757738
8 -2.41106 -0.815295 19.638334
9 -1.705385 0.561155 19.526969
10 -1.838203 -2.095894 19.631777
11 -2.654453 -3.24447 19.744149
12 -4.042459 -3.008815 19.871739
13 -4.604734 -1.717681 19.884325
14 -6.094822 -1.514776 20.033468
15 -6.710099 -2.573312 20.852364
16 -6.465704 -3.855429 20.171253
17 -4.946037 -4.115365 19.995652
18 -4.447276 -5.406752 19.929752
19 -3.075242 -5.64513 19.794752
20 -2.114767 -4.576904 19.730056
21 -0.667133 -4.676431 19.64828
22 0.067238 -3.495216 19.525163
23 -0.462803 -2.225269 19.507716
24 -2.709076 -7.101661 19.696841
25 -3.754398 -8.20993 19.566029
26 -5.090996 -7.90478 19.748226
27 -5.477809 -6.541886 20.023642
28 -6.075473 -8.894377 19.66289
29 -5.705708 -10.198731 19.389164
30 -4.370223 -10.517758 19.191635
31 -3.384867 -9.534584 19.273871
32 -4.006121 -11.898408 18.895656
33 -5.048035 -12.964726 18.812053
34 -6.21381 -12.615923 19.731634
35 -6.77518 -11.258627 19.305037
36 -2.054411 -9.912337 19.054016
37 -1.713378 -11.231542 18.758766
38 -2.679294 -12.222195 18.683153
39 1.505119 -3.695572 19.41644
40 1.618831 -5.071196 19.542996
41 0.372552 -5.675753 19.677591
42 0.429664 -7.066307 19.836058
43 1.63574 -7.758809 19.846489
44 2.850112 -7.110148 19.69808
45 2.84425 -5.736073 19.543522
46 4.054205 -5.05809 19.40011
47 5.255616 -5.752397 19.410205
48 5.248923 -7.137709 19.566832
49 4.04652 -7.825168 19.713078
50 4.015494 -9.214763 19.878376
51 2.793188 -9.857408 20.030567
52 1.610587 -9.132949 20.017407
53 -3.811668 5.0418 19.533462
54 -6.366003 3.843383 19.792419
55 0.397103 -1.07223 19.379092
56 6.537608 -4.933041 19.250819
57 7.831865 -5.762799 19.097374
58 -0.391085 -11.574354 18.529365
59 -7.474394 -8.651272 19.843319
60 5.178529 -10.025263 19.904806
61 -1.77122 3.366428 19.425486
62 -6.144135 1.187948 19.876345
63 -0.983012 0.721349 20.339141
64 -1.131753 0.658552 18.595232
65 -6.293687 -0.559034 20.483739
66 -6.55343 -1.535461 19.035628
67 -6.255132 -2.584387 21.852657999999998
68 -7.791333 -2.399359 20.938346
69 -6.959838 -4.648196 20.734882
70 -6.922532 -3.807072 19.172786
71 -1.977607 -7.219618 18.895817
72 -6.347681 -6.3212 19.393953
73 -5.425882 -12.999943 17.781336
74 -4.605627 -13.941156 19.053284
75 -6.994031 -13.38548 19.652746
76 -5.858805 -12.555426 20.770688
77 -7.101745 -11.338919 18.259406
78 -7.639664 -10.966575 19.915493
79 -1.281438 -9.203347 19.099934
80 -2.403987 -13.221381 18.460676
81 1.894451 -3.338632 18.453228
82 2.06415 -3.150132 20.189315
83 -0.373133 -7.61266 19.961259
84 4.082389 -4.007646 19.282133
85 6.146688 -7.676675 19.580408
86 2.764044 -10.909354 20.158808
87 0.684122 -9.630439 20.136301
88 -2.866582 5.318998 19.44398
89 -6.157696 4.812139 20.268285
90 -7.157937 3.285626 20.312505
91 -6.700468 4.040362 18.764446
92 1.347087 -1.251127 19.30137
93 6.407982 -4.26118 18.390771
94 8.690118 -5.084094 18.991373
95 7.755678 -6.400158 18.204804
96 7.972113 -6.393001 19.988187
97 0.167479 -10.778304 18.595173
98 -7.699289 -7.722091 20.037176
99 5.999935 -9.515043 19.793686
100 -2.132795 -7.334776 20.596413
101 -5.908668 -6.523452 21.034727
102 6.625083 -4.279278 20.129847

Types

1 40 
2 13 
3 14 
4 14 
5 13 
6 14 
7 14 
8 14 
9 4 
10 14 
11 14 
12 14 
13 14 
14 4 
15 4 
16 4 
17 14 
18 14 
19 14 
20 14 
21 14 
22 14 
23 40 
24 4 
25 14 
26 14 
27 4 
28 40 
29 14 
30 14 
31 14 
32 14 
33 4 
34 4 
35 4 
36 13 
37 40 
38 13 
39 4 
40 14 
41 14 
42 13 
43 14 
44 14 
45 14 
46 13 
47 14 
48 13 
49 14 
50 40 
51 13 
52 13 
53 41 
54 3 
55 41 
56 4 
57 3 
58 41 
59 41 
60 41 
61 15 
62 15 
63 8 
64 8 
65 8 
66 8 
67 8 
68 8 
69 8 
70 8 
71 8 
72 8 
73 8 
74 8 
75 8 
76 8 
77 8 
78 8 
79 15 
80 15 
81 8 
82 8 
83 15 
84 15 
85 15 
86 15 
87 15 
88 42 
89 8 
90 8 
91 8 
92 42 
93 8 
94 8 
95 8 
96 8 
97 42 
98 42 
99 42 
100 8 
101 8 
102 8 

Charges

1 0.15
2 -0.115
3 0.0
4 0.0
5 -0.115
6 0.0
7 0.0
8 0.0
9 -0.12
10 0.0
11 0.0
12 0.0
13 0.0
14 -0.12
15 -0.12
16 -0.12
17 0.0
18 0.0
19 0.0
20 0.0
21 0.0
22 0.0
23 0.15
24 -0.12
25 0.0
26 0.0
27 -0.12
28 0.15
29 0.0
30 0.0
31 0.0
32 0.0
33 -0.12
34 -0.12
35 -0.12
36 -0.115
37 0.15
38 -0.115
39 -0.12
40 0.0
41 0.0
42 -0.115
43 0.0
44 0.0
45 0.0
46 -0.115
47 0.0
48 -0.115
49 0.0
50 0.15
51 -0.115
52 -0.115
53 -0.585
54 -0.18
55 -0.585
56 -0.12
57 -0.18
58 -0.585
59 -0.585
60 -0.585
61 0.115
62 0.115
63 0.06
64 0.06
65 0.06
66 0.06
67 0.06
68 0.06
69 0.06
70 0.06
71 0.06
72 0.06
73 0.06
74 0.06
75 0.06
76 0.06
77 0.06
78 0.06
79 0.115
80 0.115
81 0.06
82 0.06
83 0.115
84 0.115
85 0.115
86 0.115
87 0.115
88 0.435
89 0.06
90 0.06
91 0.06
92 0.435
93 0.06
94 0.06
95 0.06
96 0.06
97 0.435
98 0.435
99 0.435
100 0.06
101 0.06
102 0.06

Bonds

1 56 1 2 
2 20 1 53 
3 56 1 6 
4 56 2 3 
5 57 2 61 
6 30 3 9 
7 56 3 4 
8 56 4 5 
9 56 4 7 
10 56 5 6 
11 57 5 62 
12 30 6 54 
13 56 7 13 
14 56 7 8 
15 30 8 9 
16 56 8 10 
17 28 9 64 
18 28 9 63 
19 56 10 11 
20 56 10 23 
21 56 11 12 
22 56 11 20 
23 56 12 17 
24 56 12 13 
25 30 13 14 
26 28 14 65 
27 28 14 66 
28 22 14 15 
29 28 15 67 
30 28 15 68 
31 22 15 16 
32 30 16 17 
33 28 16 69 
34 28 16 70 
35 56 17 18 
36 56 18 19 
37 30 18 27 
38 56 19 20 
39 30 19 24 
40 56 20 21 
41 56 21 41 
42 56 21 22 
43 30 22 39 
44 56 22 23 
45 20 23 55 
46 30 24 25 
47 28 24 100 
48 28 24 71 
49 56 25 26 
50 56 25 31 
51 30 26 27 
52 56 26 28 
53 28 27 101 
54 28 27 72 
55 20 28 59 
56 56 28 29 
57 30 29 35 
58 56 29 30 
59 56 30 31 
60 56 30 32 
61 56 31 36 
62 30 32 33 
63 56 32 38 
64 28 33 73 
65 28 33 74 
66 22 33 34 
67 28 34 75 
68 28 34 76 
69 22 34 35 
70 28 35 78 
71 28 35 77 
72 57 36 79 
73 56 36 37 
74 20 37 58 
75 56 37 38 
76 57 38 80 
77 28 39 81 
78 28 39 82 
79 30 39 40 
80 56 40 41 
81 56 40 45 
82 56 41 42 
83 57 42 83 
84 56 42 43 
85 56 43 44 
86 56 43 52 
87 56 44 49 
88 56 44 45 
89 56 45 46 
90 57 46 84 
91 56 46 47 
92 30 47 56 
93 56 47 48 
94 56 48 49 
95 57 48 85 
96 56 49 50 
97 56 50 51 
98 20 50 60 
99 56 51 52 
100 57 51 86 
101 57 52 87 
102 14 53 88 
103 28 54 89 
104 28 54 90 
105 28 54 91 
106 14 55 92 
107 22 56 57 
108 28 56 93 
109 28 56 102 
110 28 57 96 
111 28 57 94 
112 28 57 95 
113 14 58 97 
114 14 59 98 
115 14 60 99 

Angles

1 140 1 2 3 
2 152 1 2 61 
3 44 1 53 88 
4 140 1 6 5 
5 142 1 6 54 
6 141 2 1 53 
7 140 2 1 6 
8 142 2 3 9 
9 140 2 3 4 
10 73 3 9 64 
11 73 3 9 63 
12 75 3 9 8 
13 152 3 2 61 
14 140 3 4 5 
15 140 3 4 7 
16 142 4 3 9 
17 140 4 5 6 
18 152 4 5 62 
19 140 4 7 13 
20 140 4 7 8 
21 142 5 6 54 
22 140 5 4 7 
23 141 6 1 53 
24 152 6 5 62 
25 73 6 54 89 
26 73 6 54 90 
27 73 6 54 91 
28 140 7 13 12 
29 142 7 13 14 
30 142 7 8 9 
31 140 7 8 10 
32 73 8 9 64 
33 73 8 9 63 
34 140 8 10 11 
35 140 8 10 23 
36 140 8 7 13 
37 142 9 8 10 
38 140 10 11 12 
39 140 10 11 20 
40 140 10 23 22 
41 141 10 23 55 
42 140 11 12 17 
43 140 11 12 13 
44 140 11 10 23 
45 140 11 20 19 
46 140 11 20 21 
47 140 12 17 18 
48 142 12 17 16 
49 140 12 11 20 
50 142 12 13 14 
51 140 13 12 17 
52 73 13 14 65 
53 73 13 14 66 
54 80 13 14 15 
55 68 14 15 67 
56 68 14 15 68 
57 47 14 15 16 
58 68 15 14 65 
59 68 15 14 66 
60 80 15 16 17 
61 68 15 16 69 
62 68 15 16 70 
63 142 16 17 18 
64 68 16 15 67 
65 68 16 15 68 
66 140 17 18 19 
67 142 17 18 27 
68 73 17 16 69 
69 73 17 16 70 
70 140 18 19 20 
71 142 18 19 24 
72 73 18 27 101 
73 75 18 27 26 
74 73 18 27 72 
75 142 19 18 27 
76 140 19 20 21 
77 75 19 24 25 
78 73 19 24 100 
79 73 19 24 71 
80 142 20 19 24 
81 140 20 21 41 
82 140 20 21 22 
83 140 21 41 42 
84 140 21 41 40 
85 142 21 22 39 
86 140 21 22 23 
87 73 22 39 81 
88 73 22 39 82 
89 75 22 39 40 
90 140 22 21 41 
91 141 22 23 55 
92 142 23 22 39 
93 44 23 55 92 
94 142 24 25 26 
95 142 24 25 31 
96 142 25 26 27 
97 140 25 26 28 
98 140 25 31 36 
99 140 25 31 30 
100 73 25 24 100 
101 73 25 24 71 
102 140 26 25 31 
103 73 26 27 101 
104 73 26 27 72 
105 141 26 28 59 
106 140 26 28 29 
107 142 27 26 28 
108 44 28 59 98 
109 142 28 29 35 
110 140 28 29 30 
111 80 29 35 34 
112 73 29 35 78 
113 73 29 35 77 
114 141 29 28 59 
115 140 29 30 31 
116 140 29 30 32 
117 142 30 29 35 
118 140 30 31 36 
119 142 30 32 33 
120 140 30 32 38 
121 152 31 36 79 
122 140 31 36 37 
123 140 31 30 32 
124 73 32 33 73 
125 73 32 33 74 
126 80 32 33 34 
127 140 32 38 37 
128 152 32 38 80 
129 68 33 34 75 
130 68 33 34 76 
131 47 33 34 35 
132 142 33 32 38 
133 68 34 33 73 
134 68 34 33 74 
135 68 34 35 78 
136 68 34 35 77 
137 68 35 34 75 
138 68 35 34 76 
139 141 36 37 58 
140 140 36 37 38 
141 44 37 58 97 
142 152 37 36 79 
143 152 37 38 80 
144 141 38 37 58 
145 142 39 40 41 
146 142 39 40 45 
147 140 40 41 42 
148 140 40 45 44 
149 140 40 45 46 
150 73 40 39 81 
151 73 40 39 82 
152 152 41 42 83 
153 140 41 42 43 
154 140 41 40 45 
155 140 42 43 44 
156 140 42 43 52 
157 152 43 42 83 
158 140 43 44 49 
159 140 43 44 45 
160 140 43 52 51 
161 152 43 52 87 
162 140 44 49 50 
163 140 44 49 48 
164 140 44 43 52 
165 140 44 45 46 
166 140 45 44 49 
167 152 45 46 84 
168 140 45 46 47 
169 142 46 47 56 
170 140 46 47 48 
171 80 47 56 57 
172 73 47 56 93 
173 73 47 56 102 
174 152 47 46 84 
175 140 47 48 49 
176 152 47 48 85 
177 140 48 49 50 
178 142 48 47 56 
179 140 49 50 51 
180 141 49 50 60 
181 152 49 48 85 
182 140 50 51 52 
183 152 50 51 86 
184 44 50 60 99 
185 141 51 50 60 
186 152 51 52 87 
187 152 52 51 86 
188 68 56 57 96 
189 68 56 57 94 
190 68 56 57 95 
191 68 57 56 93 
192 68 57 56 102 
193 61 63 9 64 
194 61 65 14 66 
195 61 67 15 68 
196 61 69 16 70 
197 61 71 24 100 
198 61 72 27 101 
199 61 73 33 74 
200 61 75 34 76 
201 61 77 35 78 
202 61 81 39 82 
203 61 89 54 90 
204 61 89 54 91 
205 61 90 54 91 
206 61 93 56 102 
207 61 94 57 96 
208 61 94 57 95 
209 61 95 57 96 

Dihedrals

1 233 1 2 3 9 
2 239 1 2 3 4 
3 239 1 6 5 4 
4 240 1 6 5 62 
5 182 1 6 54 89 
6 182 1 6 54 90 
7 182 1 6 54 91 
8 98 2 1 53 88 
9 239 2 1 6 5 
10 233 2 1 6 54 
11 182 2 3 9 64 
12 182 2 3 9 63 
13 178 2 3 9 8 
14 239 2 3 4 5 
15 239 2 3 4 7 
16 178 3 9 8 10 
17 178 3 9 8 7 
18 230 3 2 1 53 
19 239 3 2 1 6 
20 239 3 4 5 6 
21 240 3 4 5 62 
22 239 3 4 7 13 
23 239 3 4 7 8 
24 182 4 3 9 64 
25 182 4 3 9 63 
26 178 4 3 9 8 
27 240 4 3 2 61 
28 233 4 5 6 54 
29 239 4 7 13 12 
30 233 4 7 13 14 
31 233 4 7 8 9 
32 239 4 7 8 10 
33 230 5 6 1 53 
34 182 5 6 54 89 
35 182 5 6 54 90 
36 182 5 6 54 91 
37 233 5 4 3 9 
38 239 5 4 7 13 
39 239 5 4 7 8 
40 240 6 1 2 61 
41 98 6 1 53 88 
42 239 6 5 4 7 
43 233 7 4 3 9 
44 240 7 4 5 62 
45 239 7 13 12 17 
46 239 7 13 12 11 
47 182 7 13 14 65 
48 182 7 13 14 66 
49 179 7 13 14 15 
50 182 7 8 9 64 
51 182 7 8 9 63 
52 239 7 8 10 11 
53 239 7 8 10 23 
54 239 8 10 11 12 
55 239 8 10 11 20 
56 239 8 10 23 22 
57 230 8 10 23 55 
58 239 8 7 13 12 
59 233 8 7 13 14 
60 234 9 3 2 61 
61 233 9 8 10 11 
62 233 9 8 10 23 
63 233 9 8 7 13 
64 239 10 11 12 17 
65 239 10 11 12 13 
66 239 10 11 20 19 
67 239 10 11 20 21 
68 233 10 23 22 39 
69 239 10 23 22 21 
70 98 10 23 55 92 
71 182 10 8 9 64 
72 182 10 8 9 63 
73 239 10 8 7 13 
74 239 11 12 17 18 
75 233 11 12 17 16 
76 233 11 12 13 14 
77 239 11 10 23 22 
78 230 11 10 23 55 
79 239 11 20 19 18 
80 233 11 20 19 24 
81 239 11 20 21 41 
82 239 11 20 21 22 
83 239 12 17 18 19 
84 233 12 17 18 27 
85 182 12 17 16 69 
86 182 12 17 16 70 
87 179 12 17 16 15 
88 239 12 11 10 23 
89 239 12 11 20 19 
90 239 12 11 20 21 
91 182 12 13 14 65 
92 182 12 13 14 66 
93 179 12 13 14 15 
94 239 13 12 17 18 
95 233 13 12 17 16 
96 239 13 12 11 20 
97 136 13 14 15 67 
98 136 13 14 15 68 
99 101 13 14 15 16 
100 233 14 13 12 17 
101 101 14 15 16 17 
102 121 14 15 16 69 
103 121 14 15 16 70 
104 179 15 16 17 18 
105 233 16 17 18 19 
106 232 16 17 18 27 
107 121 16 15 14 65 
108 121 16 15 14 66 
109 239 17 18 19 20 
110 233 17 18 19 24 
111 182 17 18 27 101 
112 178 17 18 27 26 
113 182 17 18 27 72 
114 239 17 12 11 20 
115 136 17 16 15 67 
116 136 17 16 15 68 
117 182 18 17 16 69 
118 182 18 17 16 70 
119 239 18 19 20 21 
120 178 18 19 24 25 
121 182 18 19 24 100 
122 182 18 19 24 71 
123 178 18 27 26 25 
124 178 18 27 26 28 
125 182 19 18 27 101 
126 178 19 18 27 26 
127 182 19 18 27 72 
128 239 19 20 21 41 
129 239 19 20 21 22 
130 178 19 24 25 26 
131 178 19 24 25 31 
132 239 20 11 10 23 
133 233 20 19 18 27 
134 178 20 19 24 25 
135 182 20 19 24 100 
136 182 20 19 24 71 
137 239 20 21 41 42 
138 239 20 21 41 40 
139 233 20 21 22 39 
140 239 20 21 22 23 
141 240 21 41 42 83 
142 239 21 41 42 43 
143 239 21 41 40 45 
144 233 21 41 40 39 
145 233 21 20 19 24 
146 182 21 22 39 81 
147 182 21 22 39 82 
148 178 21 22 39 40 
149 230 21 22 23 55 
150 178 22 39 40 41 
151 178 22 39 40 45 
152 239 22 21 41 42 
153 239 22 21 41 40 
154 98 22 23 55 92 
155 182 23 22 39 81 
156 182 23 22 39 82 
157 178 23 22 39 40 
158 239 23 22 21 41 
159 232 24 25 26 27 
160 233 24 25 26 28 
161 233 24 25 31 36 
162 233 24 25 31 30 
163 232 24 19 18 27 
164 182 25 26 27 101 
165 182 25 26 27 72 
166 230 25 26 28 59 
167 239 25 26 28 29 
168 240 25 31 36 79 
169 239 25 31 36 37 
170 239 25 31 30 29 
171 239 25 31 30 32 
172 239 26 25 31 36 
173 239 26 25 31 30 
174 182 26 25 24 100 
175 182 26 25 24 71 
176 98 26 28 59 98 
177 233 26 28 29 35 
178 239 26 28 29 30 
179 233 27 26 25 31 
180 229 27 26 28 59 
181 233 27 26 28 29 
182 239 28 26 25 31 
183 182 28 26 27 101 
184 182 28 26 27 72 
185 179 28 29 35 34 
186 182 28 29 35 78 
187 182 28 29 35 77 
188 239 28 29 30 31 
189 239 28 29 30 32 
190 101 29 35 34 33 
191 136 29 35 34 75 
192 136 29 35 34 76 
193 98 29 28 59 98 
194 239 29 30 31 36 
195 233 29 30 32 33 
196 239 29 30 32 38 
197 179 30 29 35 34 
198 182 30 29 35 78 
199 182 30 29 35 77 
200 230 30 29 28 59 
201 240 30 31 36 79 
202 239 30 31 36 37 
203 182 30 32 33 73 
204 182 30 32 33 74 
205 179 30 32 33 34 
206 239 30 32 38 37 
207 240 30 32 38 80 
208 182 31 25 24 100 
209 182 31 25 24 71 
210 230 31 36 37 58 
211 239 31 36 37 38 
212 233 31 30 29 35 
213 233 31 30 32 33 
214 239 31 30 32 38 
215 136 32 33 34 75 
216 136 32 33 34 76 
217 101 32 33 34 35 
218 230 32 38 37 58 
219 239 32 38 37 36 
220 233 32 30 29 35 
221 239 32 30 31 36 
222 121 33 34 35 78 
223 121 33 34 35 77 
224 233 33 32 38 37 
225 234 33 32 38 80 
226 179 34 33 32 38 
227 121 35 34 33 73 
228 121 35 34 33 74 
229 229 35 29 28 59 
230 98 36 37 58 97 
231 240 36 37 38 80 
232 98 38 37 58 97 
233 240 38 37 36 79 
234 182 38 32 33 73 
235 182 38 32 33 74 
236 233 39 22 21 41 
237 229 39 22 23 55 
238 233 39 40 41 42 
239 233 39 40 45 44 
240 233 39 40 45 46 
241 240 40 41 42 83 
242 239 40 41 42 43 
243 239 40 45 44 49 
244 239 40 45 44 43 
245 240 40 45 46 84 
246 239 40 45 46 47 
247 239 41 42 43 44 
248 239 41 42 43 52 
249 239 41 40 45 44 
250 239 41 40 45 46 
251 182 41 40 39 81 
252 182 41 40 39 82 
253 239 42 41 40 45 
254 239 42 43 44 49 
255 239 42 43 44 45 
256 239 42 43 52 51 
257 240 42 43 52 87 
258 239 43 44 49 50 
259 239 43 44 49 48 
260 239 43 44 45 46 
261 239 43 52 51 50 
262 240 43 52 51 86 
263 239 44 49 50 51 
264 230 44 49 50 60 
265 240 44 49 48 85 
266 239 44 49 48 47 
267 240 44 43 42 83 
268 239 44 43 52 51 
269 240 44 43 52 87 
270 240 44 45 46 84 
271 239 44 45 46 47 
272 239 45 44 49 50 
273 239 45 44 49 48 
274 239 45 44 43 52 
275 233 45 46 47 56 
276 239 45 46 47 48 
277 182 45 40 39 81 
278 182 45 40 39 82 
279 239 46 45 44 49 
280 179 46 47 56 57 
281 182 46 47 56 93 
282 182 46 47 56 102 
283 239 46 47 48 49 
284 240 46 47 48 85 
285 136 47 56 57 96 
286 136 47 56 57 94 
287 136 47 56 57 95 
288 239 47 48 49 50 
289 239 48 49 50 51 
290 230 48 49 50 60 
291 179 48 47 56 57 
292 182 48 47 56 93 
293 182 48 47 56 102 
294 240 48 47 46 84 
295 239 49 50 51 52 
296 240 49 50 51 86 
297 98 49 50 60 99 
298 239 49 44 43 52 
299 233 49 48 47 56 
300 240 50 49 48 85 
301 240 50 51 52 87 
302 98 51 50 60 99 
303 240 52 43 42 83 
304 230 52 51 50 60 
305 231 53 1 2 61 
306 229 53 1 6 54 
307 234 54 6 5 62 
308 234 56 47 46 84 
309 234 56 47 48 85 
310 231 58 37 36 79 
311 231 58 37 38 80 
312 231 60 50 51 86 
313 134 65 14 15 67 
314 134 65 14 15 68 
315 134 66 14 15 67 
316 134 66 14 15 68 
317 134 67 15 16 69 
318 134 67 15 16 70 
319 134 68 15 16 69 
320 134 68 15 16 70 
321 134 73 33 34 75 
322 134 73 33 34 76 
323 134 74 33 34 75 
324 134 74 33 34 76 
325 134 75 34 35 78 
326 134 75 34 35 77 
327 134 76 34 35 78 
328 134 76 34 35 77 
329 241 86 51 52 87 
330 134 93 56 57 96 
331 134 93 56 57 94 
332 134 93 56 57 95 
333 134 94 57 56 102 
334 134 95 57 56 102 
335 134 96 57 56 102 

Impropers

1 5 1 2 6 53 
2 5 2 1 3 61 
3 5 3 2 4 9 
4 5 4 3 5 7 
5 5 5 4 6 62 
6 5 6 1 5 54 
7 5 7 4 8 13 
8 5 8 7 9 10 
9 5 10 8 11 23 
10 5 11 10 12 20 
11 5 12 11 13 17 
12 5 13 7 12 14 
13 5 17 12 16 18 
14 5 18 17 19 27 
15 5 19 18 20 24 
16 5 20 11 19 21 
17 5 21 20 22 41 
18 5 22 21 23 39 
19 5 23 10 22 55 
20 5 25 24 26 31 
21 5 26 25 27 28 
22 5 28 26 29 59 
23 5 29 28 30 35 
24 5 30 29 31 32 
25 5 31 25 30 36 
26 5 32 30 33 38 
27 5 36 31 37 79 
28 5 37 36 38 58 
29 5 38 32 37 80 
30 5 40 39 41 45 
31 5 41 21 40 42 
32 5 42 41 43 83 
33 5 43 42 44 52 
34 5 44 43 45 49 
35 5 45 40 44 46 
36 5 46 45 47 84 
37 5 47 46 48 56 
38 5 48 47 49 85 
39 5 49 44 48 50 
40 5 50 49 51 60 
41 5 51 50 52 86 
42 5 52 43 51 87 

