LAMMPS Description

     130  atoms
     142  bonds
     265  angles
     385  dihedrals
     39  impropers

Coords

1 -8.96237 -3.16977 -0.319371
2 -8.27772 -4.2805 0.207517
3 -6.88732 -4.2073 0.42256
4 -6.19924 -3.02805 0.128267
5 -6.88662 -1.8936 -0.348189
6 -8.27694 -1.95701 -0.551957
7 -4.71413 -2.92611 0.316943
8 -3.98899 -4.18438 0.694489
9 -4.65646 -5.34778 1.00599
10 -6.16141 -5.40991 0.973411
11 -3.92622 -6.54015 1.33455
12 -2.53577 -6.56654 1.29549
13 -1.82306 -5.34565 1.03367
14 -2.56092 -4.14825 0.728009
15 -1.89553 -2.93105 0.517079
16 -0.506398 -2.83577 0.453081
17 0.253003 -4.05695 0.5866
18 -0.413049 -5.21178 1.06756
19 1.62358 -4.05528 0.165753
20 2.28177 -2.86169 -0.0985547
21 1.62413 -1.60598 0.130681
22 0.210682 -1.58214 0.315731
23 3.61319 -2.99714 -0.800271
24 3.42413 -3.90066 -2.0353
25 2.99808 -5.32627 -1.59833
26 2.39115 -5.31335 -0.168561
27 -0.44695 -0.299936 0.400172
28 0.297702 0.903183 0.358248
29 1.70793 0.87642 0.254665
30 2.3708 -0.366258 0.171895
31 2.48988 2.09731 0.231399
32 1.77295 3.38682 0.314222
33 0.394624 3.38984 0.399458
34 -0.387322 2.16326 0.443608
35 -0.35112 4.6893 0.490516
36 0.320531 5.75197 -0.374793
37 1.78367 5.859 -0.0369721
38 2.49108 4.67954 0.302966
39 3.79899 4.68389 0.596806
40 4.47709 5.83401 0.520685
41 3.86169 7.06256 0.198742
42 2.48548 7.07524 -0.0698515
43 1.77902 8.3681 -0.4169
44 2.59557 9.62297 -0.0892574
45 4.04205 9.46173 -0.55416
46 4.71042 8.31282 0.200085
47 6.11117 8.01428 -0.33762
48 6.75726 6.84115 0.356861
49 5.92814 5.78055 0.777965
50 6.50071 4.65418 1.38404
51 7.87577 4.59771 1.57417
52 8.71841 5.63913 1.15419
53 8.15244 6.76868 0.525876
54 -9.03665 -0.744239 -1.04705
55 -8.9785 -0.606235 -2.57659
56 -10.4381 -3.28317 -0.638601
57 -6.08387 -0.647569 -0.639598
58 -9.02979 -5.55036 0.537049
59 -4.70399 -7.78886 1.68606
60 -1.8087 -7.88706 1.42015
61 0.313387 -6.23099 1.64167
62 4.12893 -6.35977 -1.61617
63 4.65644 -3.85577 -2.94194
64 3.69759 -0.389193 0.166661
65 -1.76822 -0.203437 0.521021
66 -1.66344 2.22552 0.567954
67 3.75513 2.03075 0.121255
68 9.02439 7.89423 0.0192485
69 10.2058 5.51829 1.37507
70 -4.26332 -2.53086 -0.610149
71 -4.49509 -2.14255 1.06834
72 -6.52927 -5.60622 1.99972
73 -6.46339 -6.30582 0.404756
74 -2.47598 -2.02898 0.412798
75 4.01085 -2.03049 -1.11008
76 4.36773 -3.44932 -0.130099
77 2.58262 -3.46625 -2.59966
78 2.21058 -5.67203 -2.28639
79 3.23805 -5.40463 0.539051
80 1.78237 -6.2166 -0.0650828
81 -1.40001 4.53271 0.208724
82 -0.351697 5.01864 1.54663
83 -0.192448 6.71358 -0.249716
84 0.21277 5.47512 -1.4407
85 1.53795 8.35613 -1.4952
86 0.809705 8.41392 0.10327
87 2.5887 9.78949 1.00093
88 2.1236 10.5027 -0.55236
89 4.61549 10.3897 -0.401075
90 4.06186 9.24026 -1.63588
91 4.82719 8.62127 1.25865
92 6.03636 7.80303 -1.42217
93 6.72623 8.91967 -0.240611
94 5.84946 3.83155 1.67932
95 8.32103 3.72158 2.05068
96 -8.63317 0.166565 -0.580624
97 -10.0853 -0.797762 -0.723802
98 -9.38533 -1.50751 -3.06016
99 -7.93767 -0.493506 -2.91485
100 -9.55412 0.265351 -2.9251
101 -10.7157 -4.31407 -0.89262
102 -10.7169 -2.65096 -1.49162
103 -11.0667 -2.97565 0.21548
104 -5.32173 -0.84679 -1.41105
105 -5.53157 -0.309191 0.252483
106 -6.69755 0.186455 -0.99505
107 -8.51493 -6.14437 1.30241
108 -9.14529 -6.196 -0.3516
109 -10.0393 -5.3341 0.911812
110 -4.15623 -8.41987 2.39727
111 -4.91507 -8.40317 0.792945
112 -5.67116 -7.54444 2.14213
113 -0.969176 -7.93572 0.716668
114 -2.47764 -8.72709 1.20157
115 -1.38399 -8.03662 2.42523
116 1.20569 -5.89767 1.82711
117 4.52558 -6.51949 -2.62826
118 3.76768 -7.32702 -1.23406
119 4.96168 -6.03563 -0.971627
120 4.84524 -2.8245 -3.27523
121 4.52116 -4.48386 -3.83547
122 5.55475 -4.20916 -2.414
123 3.96265 0.647719 0.147403
124 -1.95955 0.842695 0.562916
125 8.76887 8.15948 -1.01799
126 10.0887 7.63399 0.0474482
127 8.88931 8.80782 0.623157
128 10.7576 5.51968 0.420724
129 10.4448 4.58422 1.9013
130 10.597 6.3581 1.97137

Types

1 14 
2 14 
3 14 
4 14 
5 14 
6 14 
7 4 
8 14 
9 14 
10 4 
11 14 
12 14 
13 14 
14 14 
15 13 
16 14 
17 14 
18 40 
19 14 
20 14 
21 14 
22 14 
23 4 
24 5 
25 5 
26 4 
27 40 
28 14 
29 14 
30 40 
31 43 
32 14 
33 14 
34 43 
35 4 
36 4 
37 14 
38 59 
39 58 
40 59 
41 14 
42 14 
43 4 
44 4 
45 4 
46 5 
47 4 
48 14 
49 14 
50 13 
51 13 
52 14 
53 14 
54 4 
55 3 
56 3 
57 3 
58 3 
59 3 
60 3 
61 41 
62 3 
63 3 
64 41 
65 41 
66 44 
67 44 
68 3 
69 3 
70 8 
71 8 
72 8 
73 8 
74 15 
75 8 
76 8 
77 8 
78 8 
79 8 
80 8 
81 8 
82 8 
83 8 
84 8 
85 8 
86 8 
87 8 
88 8 
89 8 
90 8 
91 8 
92 8 
93 8 
94 15 
95 15 
96 8 
97 8 
98 8 
99 8 
100 8 
101 8 
102 8 
103 8 
104 8 
105 8 
106 8 
107 8 
108 8 
109 8 
110 8 
111 8 
112 8 
113 8 
114 8 
115 8 
116 42 
117 8 
118 8 
119 8 
120 8 
121 8 
122 8 
123 42 
124 42 
125 8 
126 8 
127 8 
128 8 
129 8 
130 8 

Charges

1 0.0
2 0.0
3 0.0
4 0.0
5 0.0
6 0.0
7 -0.12
8 0.0
9 0.0
10 -0.12
11 0.0
12 0.0
13 0.0
14 0.0
15 -0.115
16 0.0
17 0.0
18 0.15
19 0.0
20 0.0
21 0.0
22 0.0
23 -0.12
24 -0.06
25 -0.06
26 -0.12
27 0.15
28 0.0
29 0.0
30 0.15
31 0.47
32 0.0
33 0.0
34 0.47
35 -0.12
36 -0.12
37 0.0
38 0.2
39 -0.4
40 0.2
41 0.0
42 0.0
43 -0.12
44 -0.12
45 -0.12
46 -0.06
47 -0.12
48 0.0
49 0.0
50 -0.115
51 -0.115
52 0.0
53 0.0
54 -0.12
55 -0.18
56 -0.18
57 -0.18
58 -0.18
59 -0.18
60 -0.18
61 -0.585
62 -0.18
63 -0.18
64 -0.585
65 -0.585
66 -0.47
67 -0.47
68 -0.18
69 -0.18
70 0.06
71 0.06
72 0.06
73 0.06
74 0.115
75 0.06
76 0.06
77 0.06
78 0.06
79 0.06
80 0.06
81 0.06
82 0.06
83 0.06
84 0.06
85 0.06
86 0.06
87 0.06
88 0.06
89 0.06
90 0.06
91 0.06
92 0.06
93 0.06
94 0.115
95 0.115
96 0.06
97 0.06
98 0.06
99 0.06
100 0.06
101 0.06
102 0.06
103 0.06
104 0.06
105 0.06
106 0.06
107 0.06
108 0.06
109 0.06
110 0.06
111 0.06
112 0.06
113 0.06
114 0.06
115 0.06
116 0.435
117 0.06
118 0.06
119 0.06
120 0.06
121 0.06
122 0.06
123 0.435
124 0.435
125 0.06
126 0.06
127 0.06
128 0.06
129 0.06
130 0.06

Bonds

1 56 1 2 
2 56 1 6 
3 30 1 56 
4 30 2 58 
5 56 2 3 
6 56 3 4 
7 30 3 10 
8 56 4 5 
9 30 4 7 
10 30 5 57 
11 56 5 6 
12 30 6 54 
13 28 7 70 
14 28 7 71 
15 30 7 8 
16 56 8 9 
17 56 8 14 
18 30 9 10 
19 56 9 11 
20 28 10 73 
21 28 10 72 
22 30 11 59 
23 56 11 12 
24 30 12 60 
25 56 12 13 
26 56 13 18 
27 56 13 14 
28 56 14 15 
29 57 15 74 
30 56 15 16 
31 56 16 17 
32 56 16 22 
33 56 17 18 
34 56 17 19 
35 20 18 61 
36 30 19 26 
37 56 19 20 
38 56 20 21 
39 30 20 23 
40 56 21 30 
41 56 21 22 
42 56 22 27 
43 28 23 76 
44 28 23 75 
45 22 23 24 
46 22 24 63 
47 22 24 25 
48 28 24 77 
49 22 25 26 
50 28 25 78 
51 22 25 62 
52 28 26 79 
53 28 26 80 
54 20 27 65 
55 56 27 28 
56 11 28 34 
57 56 28 29 
58 56 29 30 
59 11 29 31 
60 20 30 64 
61 2 31 67 
62 11 31 32 
63 56 32 33 
64 56 32 38 
65 11 33 34 
66 30 33 35 
67 2 34 66 
68 28 35 81 
69 22 35 36 
70 28 35 82 
71 28 36 84 
72 30 36 37 
73 28 36 83 
74 56 37 42 
75 56 37 38 
76 59 38 39 
77 59 39 40 
78 56 40 41 
79 56 40 49 
80 56 41 42 
81 30 41 46 
82 30 42 43 
83 22 43 44 
84 28 43 85 
85 28 43 86 
86 22 44 45 
87 28 44 87 
88 28 44 88 
89 28 45 89 
90 28 45 90 
91 22 45 46 
92 28 46 91 
93 22 46 47 
94 28 47 92 
95 28 47 93 
96 30 47 48 
97 56 48 49 
98 56 48 53 
99 56 49 50 
100 56 50 51 
101 57 50 94 
102 56 51 52 
103 57 51 95 
104 30 52 69 
105 56 52 53 
106 30 53 68 
107 28 54 97 
108 22 54 55 
109 28 54 96 
110 28 55 98 
111 28 55 99 
112 28 55 100 
113 28 56 101 
114 28 56 102 
115 28 56 103 
116 28 57 105 
117 28 57 106 
118 28 57 104 
119 28 58 107 
120 28 58 108 
121 28 58 109 
122 28 59 110 
123 28 59 111 
124 28 59 112 
125 28 60 113 
126 28 60 114 
127 28 60 115 
128 14 61 116 
129 28 62 117 
130 28 62 118 
131 28 62 119 
132 28 63 121 
133 28 63 122 
134 28 63 120 
135 14 64 123 
136 14 65 124 
137 28 68 125 
138 28 68 126 
139 28 68 127 
140 28 69 129 
141 28 69 130 
142 28 69 128 

Angles

1 142 1 2 58 
2 140 1 2 3 
3 140 1 6 5 
4 142 1 6 54 
5 73 1 56 101 
6 73 1 56 102 
7 73 1 56 103 
8 140 2 1 6 
9 142 2 1 56 
10 73 2 58 107 
11 73 2 58 108 
12 73 2 58 109 
13 140 2 3 4 
14 142 2 3 10 
15 142 3 2 58 
16 140 3 4 5 
17 142 3 4 7 
18 73 3 10 73 
19 75 3 10 9 
20 73 3 10 72 
21 142 4 3 10 
22 142 4 5 57 
23 140 4 5 6 
24 73 4 7 70 
25 73 4 7 71 
26 75 4 7 8 
27 73 5 57 105 
28 73 5 57 106 
29 73 5 57 104 
30 142 5 4 7 
31 142 5 6 54 
32 142 6 1 56 
33 142 6 5 57 
34 73 6 54 97 
35 80 6 54 55 
36 73 6 54 96 
37 142 7 8 9 
38 142 7 8 14 
39 142 8 9 10 
40 140 8 9 11 
41 140 8 14 13 
42 140 8 14 15 
43 73 8 7 70 
44 73 8 7 71 
45 73 9 10 73 
46 73 9 10 72 
47 142 9 11 59 
48 140 9 11 12 
49 140 9 8 14 
50 142 10 9 11 
51 73 11 59 110 
52 73 11 59 111 
53 73 11 59 112 
54 142 11 12 60 
55 140 11 12 13 
56 142 12 11 59 
57 73 12 60 113 
58 73 12 60 114 
59 73 12 60 115 
60 140 12 13 18 
61 140 12 13 14 
62 140 13 18 17 
63 141 13 18 61 
64 142 13 12 60 
65 140 13 14 15 
66 140 14 13 18 
67 152 14 15 74 
68 140 14 15 16 
69 140 15 16 17 
70 140 15 16 22 
71 140 16 17 18 
72 140 16 17 19 
73 140 16 22 27 
74 140 16 22 21 
75 152 16 15 74 
76 141 17 18 61 
77 142 17 19 26 
78 140 17 19 20 
79 140 17 16 22 
80 140 18 17 19 
81 44 18 61 116 
82 80 19 26 25 
83 73 19 26 79 
84 73 19 26 80 
85 140 19 20 21 
86 142 19 20 23 
87 142 20 19 26 
88 140 20 21 30 
89 140 20 21 22 
90 73 20 23 76 
91 73 20 23 75 
92 80 20 23 24 
93 140 21 30 29 
94 141 21 30 64 
95 142 21 20 23 
96 140 21 22 27 
97 141 22 27 65 
98 140 22 27 28 
99 140 22 21 30 
100 47 23 24 63 
101 47 23 24 25 
102 68 23 24 77 
103 68 24 63 121 
104 68 24 63 122 
105 68 24 63 120 
106 47 24 25 26 
107 68 24 25 78 
108 47 24 25 62 
109 68 24 23 76 
110 68 24 23 75 
111 68 25 26 79 
112 68 25 26 80 
113 68 25 62 117 
114 68 25 62 118 
115 68 25 62 119 
116 47 25 24 63 
117 68 25 24 77 
118 68 26 25 78 
119 47 26 25 62 
120 44 27 65 124 
121 149 27 28 34 
122 140 27 28 29 
123 33 28 34 33 
124 31 28 34 66 
125 141 28 27 65 
126 140 28 29 30 
127 149 28 29 31 
128 149 29 28 34 
129 141 29 30 64 
130 31 29 31 67 
131 33 29 31 32 
132 149 30 29 31 
133 44 30 64 123 
134 149 31 32 33 
135 149 31 32 38 
136 149 32 33 34 
137 142 32 33 35 
138 140 32 38 37 
139 159 32 38 39 
140 31 32 31 67 
141 31 33 34 66 
142 73 33 35 81 
143 80 33 35 36 
144 73 33 35 82 
145 140 33 32 38 
146 139 34 33 35 
147 68 35 36 84 
148 80 35 36 37 
149 68 35 36 83 
150 68 36 35 81 
151 68 36 35 82 
152 142 36 37 42 
153 142 36 37 38 
154 140 37 42 41 
155 142 37 42 43 
156 73 37 36 84 
157 73 37 36 83 
158 159 37 38 39 
159 140 38 37 42 
160 167 38 39 40 
161 159 39 40 41 
162 159 39 40 49 
163 140 40 41 42 
164 142 40 41 46 
165 140 40 49 50 
166 140 40 49 48 
167 142 41 42 43 
168 73 41 46 91 
169 80 41 46 45 
170 80 41 46 47 
171 140 41 40 49 
172 142 42 41 46 
173 80 42 43 44 
174 73 42 43 85 
175 73 42 43 86 
176 47 43 44 45 
177 68 43 44 87 
178 68 43 44 88 
179 68 44 43 85 
180 68 44 43 86 
181 68 44 45 89 
182 68 44 45 90 
183 47 44 45 46 
184 68 45 44 87 
185 68 45 44 88 
186 68 45 46 91 
187 47 45 46 47 
188 68 46 45 89 
189 68 46 45 90 
190 68 46 47 92 
191 68 46 47 93 
192 80 46 47 48 
193 68 47 46 91 
194 142 47 48 49 
195 142 47 48 53 
196 140 48 49 50 
197 142 48 53 68 
198 140 48 53 52 
199 73 48 47 92 
200 73 48 47 93 
201 140 49 50 51 
202 152 49 50 94 
203 140 49 48 53 
204 140 50 51 52 
205 152 50 51 95 
206 152 51 50 94 
207 142 51 52 69 
208 140 51 52 53 
209 152 52 51 95 
210 73 52 69 129 
211 73 52 69 130 
212 73 52 69 128 
213 142 52 53 68 
214 73 53 68 125 
215 73 53 68 126 
216 73 53 68 127 
217 142 53 52 69 
218 68 54 55 98 
219 68 54 55 99 
220 68 54 55 100 
221 68 55 54 97 
222 68 55 54 96 
223 68 62 25 78 
224 68 63 24 77 
225 61 70 7 71 
226 61 72 10 73 
227 61 75 23 76 
228 61 79 26 80 
229 61 81 35 82 
230 61 83 36 84 
231 61 85 43 86 
232 61 87 44 88 
233 61 89 45 90 
234 61 92 47 93 
235 61 96 54 97 
236 61 98 55 99 
237 61 98 55 100 
238 61 99 55 100 
239 61 101 56 102 
240 61 101 56 103 
241 61 102 56 103 
242 61 104 57 105 
243 61 104 57 106 
244 61 105 57 106 
245 61 107 58 108 
246 61 107 58 109 
247 61 108 58 109 
248 61 110 59 111 
249 61 110 59 112 
250 61 111 59 112 
251 61 113 60 114 
252 61 113 60 115 
253 61 114 60 115 
254 61 117 62 118 
255 61 117 62 119 
256 61 118 62 119 
257 61 120 63 121 
258 61 120 63 122 
259 61 121 63 122 
260 61 125 68 126 
261 61 125 68 127 
262 61 126 68 127 
263 61 128 69 129 
264 61 128 69 130 
265 61 129 69 130 

Dihedrals

1 182 1 2 58 107 
2 182 1 2 58 108 
3 182 1 2 58 109 
4 239 1 2 3 4 
5 233 1 2 3 10 
6 233 1 6 5 57 
7 239 1 6 5 4 
8 182 1 6 54 97 
9 179 1 6 54 55 
10 182 1 6 54 96 
11 239 2 1 6 5 
12 233 2 1 6 54 
13 182 2 1 56 101 
14 182 2 1 56 102 
15 182 2 1 56 103 
16 239 2 3 4 5 
17 233 2 3 4 7 
18 182 2 3 10 73 
19 178 2 3 10 9 
20 182 2 3 10 72 
21 239 3 2 1 6 
22 233 3 2 1 56 
23 182 3 2 58 107 
24 182 3 2 58 108 
25 182 3 2 58 109 
26 233 3 4 5 57 
27 239 3 4 5 6 
28 182 3 4 7 70 
29 182 3 4 7 71 
30 178 3 4 7 8 
31 178 3 10 9 11 
32 178 3 10 9 8 
33 233 4 3 2 58 
34 182 4 3 10 73 
35 178 4 3 10 9 
36 182 4 3 10 72 
37 182 4 5 57 105 
38 182 4 5 57 106 
39 182 4 5 57 104 
40 233 4 5 6 54 
41 178 4 7 8 9 
42 178 4 7 8 14 
43 233 5 4 3 10 
44 182 5 4 7 70 
45 182 5 4 7 71 
46 178 5 4 7 8 
47 233 5 6 1 56 
48 182 5 6 54 97 
49 179 5 6 54 55 
50 182 5 6 54 96 
51 233 6 1 2 58 
52 182 6 1 56 101 
53 182 6 1 56 102 
54 182 6 1 56 103 
55 182 6 5 57 105 
56 182 6 5 57 106 
57 182 6 5 57 104 
58 233 6 5 4 7 
59 136 6 54 55 98 
60 136 6 54 55 99 
61 136 6 54 55 100 
62 232 7 4 3 10 
63 232 7 4 5 57 
64 232 7 8 9 10 
65 233 7 8 9 11 
66 233 7 8 14 13 
67 233 7 8 14 15 
68 182 8 9 10 73 
69 182 8 9 10 72 
70 233 8 9 11 59 
71 239 8 9 11 12 
72 239 8 14 13 18 
73 239 8 14 13 12 
74 240 8 14 15 74 
75 239 8 14 15 16 
76 182 9 11 59 110 
77 182 9 11 59 111 
78 182 9 11 59 112 
79 233 9 11 12 60 
80 239 9 11 12 13 
81 239 9 8 14 13 
82 239 9 8 14 15 
83 182 9 8 7 70 
84 182 9 8 7 71 
85 232 10 9 11 59 
86 233 10 9 11 12 
87 233 10 9 8 14 
88 232 10 3 2 58 
89 182 11 9 10 73 
90 182 11 9 10 72 
91 239 11 9 8 14 
92 182 11 12 60 113 
93 182 11 12 60 114 
94 182 11 12 60 115 
95 239 11 12 13 18 
96 239 11 12 13 14 
97 182 12 11 59 110 
98 182 12 11 59 111 
99 182 12 11 59 112 
100 239 12 13 18 17 
101 230 12 13 18 61 
102 239 12 13 14 15 
103 239 13 18 17 19 
104 239 13 18 17 16 
105 98 13 18 61 116 
106 233 13 12 11 59 
107 182 13 12 60 113 
108 182 13 12 60 114 
109 182 13 12 60 115 
110 240 13 14 15 74 
111 239 13 14 15 16 
112 239 14 13 18 17 
113 230 14 13 18 61 
114 233 14 13 12 60 
115 239 14 15 16 17 
116 239 14 15 16 22 
117 182 14 8 7 70 
118 182 14 8 7 71 
119 239 15 14 13 18 
120 239 15 16 17 18 
121 239 15 16 17 19 
122 239 15 16 22 27 
123 239 15 16 22 21 
124 230 16 17 18 61 
125 233 16 17 19 26 
126 239 16 17 19 20 
127 230 16 22 27 65 
128 239 16 22 27 28 
129 239 16 22 21 30 
130 239 16 22 21 20 
131 98 17 18 61 116 
132 179 17 19 26 25 
133 182 17 19 26 79 
134 182 17 19 26 80 
135 239 17 19 20 21 
136 233 17 19 20 23 
137 239 17 16 22 27 
138 239 17 16 22 21 
139 240 17 16 15 74 
140 233 18 17 19 26 
141 239 18 17 19 20 
142 239 18 17 16 22 
143 233 18 13 12 60 
144 230 19 17 18 61 
145 239 19 17 16 22 
146 136 19 26 25 78 
147 101 19 26 25 62 
148 101 19 26 25 24 
149 239 19 20 21 30 
150 239 19 20 21 22 
151 182 19 20 23 76 
152 182 19 20 23 75 
153 179 19 20 23 24 
154 179 20 19 26 25 
155 182 20 19 26 79 
156 182 20 19 26 80 
157 239 20 21 30 29 
158 230 20 21 30 64 
159 239 20 21 22 27 
160 101 20 23 24 63 
161 101 20 23 24 25 
162 136 20 23 24 77 
163 239 21 30 29 28 
164 230 21 30 29 31 
165 98 21 30 64 123 
166 233 21 20 19 26 
167 182 21 20 23 76 
168 182 21 20 23 75 
169 179 21 20 23 24 
170 230 21 22 27 65 
171 239 21 22 27 28 
172 98 22 27 65 124 
173 230 22 27 28 34 
174 239 22 27 28 29 
175 239 22 21 30 29 
176 230 22 21 30 64 
177 233 22 21 20 23 
178 240 22 16 15 74 
179 232 23 20 19 26 
180 233 23 20 21 30 
181 121 23 24 63 121 
182 121 23 24 63 122 
183 121 23 24 63 120 
184 116 23 24 25 26 
185 121 23 24 25 78 
186 116 23 24 25 62 
187 121 24 25 26 79 
188 121 24 25 26 80 
189 121 24 25 62 117 
190 121 24 25 62 118 
191 121 24 25 62 119 
192 121 25 24 63 121 
193 121 25 24 63 122 
194 121 25 24 63 120 
195 121 25 24 23 76 
196 121 25 24 23 75 
197 121 26 25 62 117 
198 121 26 25 62 118 
199 121 26 25 62 119 
200 116 26 25 24 63 
201 121 26 25 24 77 
202 79 27 28 34 66 
203 239 27 28 29 30 
204 230 27 28 29 31 
205 239 27 22 21 30 
206 98 28 27 65 124 
207 230 28 29 30 64 
208 79 28 29 31 67 
209 79 29 28 34 66 
210 230 29 28 27 65 
211 98 29 30 64 123 
212 230 30 29 28 34 
213 79 30 29 31 67 
214 228 31 29 28 34 
215 228 31 29 30 64 
216 228 31 32 33 34 
217 229 31 32 33 35 
218 230 31 32 38 37 
219 228 31 32 38 39 
220 79 32 33 34 66 
221 182 32 33 35 81 
222 179 32 33 35 36 
223 182 32 33 35 82 
224 239 32 38 37 42 
225 233 32 38 37 36 
226 244 32 38 39 40 
227 136 33 35 36 84 
228 136 33 35 36 83 
229 239 33 32 38 37 
230 230 33 32 38 39 
231 79 33 32 31 67 
232 230 34 33 32 38 
233 228 34 28 27 65 
234 233 35 33 32 38 
235 179 35 36 37 42 
236 179 35 36 37 38 
237 233 36 37 42 41 
238 232 36 37 42 43 
239 229 36 37 38 39 
240 233 37 42 41 46 
241 239 37 42 41 40 
242 179 37 42 43 44 
243 182 37 42 43 85 
244 182 37 42 43 86 
245 136 37 36 35 81 
246 136 37 36 35 82 
247 244 37 38 39 40 
248 239 38 37 42 41 
249 233 38 37 42 43 
250 182 38 37 36 84 
251 182 38 37 36 83 
252 244 38 39 40 41 
253 244 38 39 40 49 
254 79 38 32 31 67 
255 230 39 38 37 42 
256 230 39 40 41 42 
257 229 39 40 41 46 
258 230 39 40 49 50 
259 230 39 40 49 48 
260 233 40 41 42 43 
261 182 40 41 46 91 
262 179 40 41 46 45 
263 179 40 41 46 47 
264 239 40 49 50 51 
265 240 40 49 50 94 
266 239 40 49 48 53 
267 233 40 49 48 47 
268 179 41 42 43 44 
269 182 41 42 43 85 
270 182 41 42 43 86 
271 136 41 46 45 89 
272 136 41 46 45 90 
273 101 41 46 45 44 
274 136 41 46 47 92 
275 136 41 46 47 93 
276 239 41 40 49 50 
277 239 41 40 49 48 
278 182 42 41 46 91 
279 179 42 41 46 45 
280 179 42 41 46 47 
281 239 42 41 40 49 
282 101 42 43 44 45 
283 136 42 43 44 87 
284 136 42 43 44 88 
285 182 42 37 36 84 
286 182 42 37 36 83 
287 232 43 42 41 46 
288 121 43 44 45 89 
289 121 43 44 45 90 
290 116 43 44 45 46 
291 121 44 45 46 91 
292 116 44 45 46 47 
293 121 45 44 43 85 
294 121 45 44 43 86 
295 121 45 46 47 92 
296 121 45 46 47 93 
297 101 45 46 47 48 
298 233 46 41 40 49 
299 121 46 45 44 87 
300 121 46 45 44 88 
301 179 46 47 48 49 
302 179 46 47 48 53 
303 121 47 46 45 89 
304 121 47 46 45 90 
305 233 47 48 49 50 
306 232 47 48 53 68 
307 233 47 48 53 52 
308 239 48 49 50 51 
309 240 48 49 50 94 
310 182 48 53 68 125 
311 182 48 53 68 126 
312 182 48 53 68 127 
313 239 48 53 52 51 
314 233 48 53 52 69 
315 136 48 47 46 91 
316 239 49 50 51 52 
317 240 49 50 51 95 
318 233 49 48 53 68 
319 239 49 48 53 52 
320 182 49 48 47 92 
321 182 49 48 47 93 
322 239 50 49 48 53 
323 233 50 51 52 69 
324 239 50 51 52 53 
325 182 51 52 69 129 
326 182 51 52 69 130 
327 182 51 52 69 128 
328 233 51 52 53 68 
329 240 52 51 50 94 
330 182 52 53 68 125 
331 182 52 53 68 126 
332 182 52 53 68 127 
333 240 53 52 51 95 
334 182 53 52 69 129 
335 182 53 52 69 130 
336 182 53 52 69 128 
337 182 53 48 47 92 
338 182 53 48 47 93 
339 232 54 6 1 56 
340 232 54 6 5 57 
341 232 56 1 2 58 
342 232 59 11 12 60 
343 121 62 25 26 79 
344 121 62 25 26 80 
345 116 62 25 24 63 
346 121 62 25 24 77 
347 121 63 24 25 78 
348 121 63 24 23 76 
349 121 63 24 23 75 
350 232 68 53 52 69 
351 234 69 52 51 95 
352 134 75 23 24 77 
353 134 76 23 24 77 
354 134 77 24 63 121 
355 134 77 24 63 122 
356 134 77 24 63 120 
357 134 77 24 25 78 
358 134 78 25 26 79 
359 134 78 25 26 80 
360 134 78 25 62 117 
361 134 78 25 62 118 
362 134 78 25 62 119 
363 134 81 35 36 84 
364 134 81 35 36 83 
365 134 82 35 36 84 
366 134 82 35 36 83 
367 134 85 43 44 87 
368 134 85 43 44 88 
369 134 86 43 44 87 
370 134 86 43 44 88 
371 134 87 44 45 89 
372 134 87 44 45 90 
373 134 88 44 45 89 
374 134 88 44 45 90 
375 134 89 45 46 91 
376 134 90 45 46 91 
377 134 91 46 47 92 
378 134 91 46 47 93 
379 241 94 50 51 95 
380 134 96 54 55 98 
381 134 96 54 55 99 
382 134 96 54 55 100 
383 134 97 54 55 98 
384 134 97 54 55 99 
385 134 97 54 55 100 

Impropers

1 5 1 2 6 56 
2 5 2 1 3 58 
3 5 3 2 4 10 
4 5 4 3 5 7 
5 5 5 4 6 57 
6 5 6 1 5 54 
7 5 8 7 9 14 
8 5 9 8 10 11 
9 5 11 9 12 59 
10 5 12 11 13 60 
11 5 13 12 14 18 
12 5 14 8 13 15 
13 5 15 14 16 74 
14 5 16 15 17 22 
15 5 17 16 18 19 
16 5 18 13 17 61 
17 5 19 17 20 26 
18 5 20 19 21 23 
19 5 21 20 22 30 
20 5 22 16 21 27 
21 5 27 22 28 65 
22 5 28 27 29 34 
23 5 29 28 30 31 
24 5 30 21 29 64 
25 1 31 29 32 67 
26 5 32 31 33 38 
27 5 33 32 34 35 
28 1 34 28 33 66 
29 5 37 36 38 42 
30 5 38 32 37 39 
31 5 40 39 41 49 
32 5 41 40 42 46 
33 5 42 37 41 43 
34 5 48 47 49 53 
35 5 49 40 48 50 
36 5 50 49 51 94 
37 5 51 50 52 95 
38 5 52 51 53 69 
39 5 53 48 52 68 

